;This is NOT tradelane traffic. That has to be defined in it's own zones.
[Settings]
system = Li03		; used for nicknames

[Path]
name = co_me_grp_dse_convoys_0, 0
pos = -36818, 0, 26362
pos = 4997, 0, 81909
pos = 8105, 0, 80033
pos = 30965, 0, -22449
pos = 31385, 0, -27804
pos = 14373.9301740882, 20, -89034.7508643911
pos = 13769, 0, -85160
pos = 31385, 0, -27804
pos = 31198.2073917443, 0, -24874.3490334064
usage = patrol
sort = 99
toughness = 10
density = 2
repop_time = 10
max_battle_size = 4
pop_type = attack_patrol
relief_time = 30
mission_eligible = true
encounter = bmod_patrol_co_me_grp_escorts_1, 3, 1
faction = co_me_grp, 1