[Settings]
system = Li03		; used for nicknames

[Path]
name = fx_x_grp_smuggler_convoys_0, 0
pos = -12517, 0, -61475
pos = -38841, 0, -50183
pos = -66586, 0, -47481
pos = -71009, 0, -8447
pos = -70460.0642587663, 40, 2450.70551555423
pos = -62388, 0, 24067
pos = -52233, 0, 61510
pos = -29549.4150553385, 0, 71022.4199880231
usage = patrol
sort = 99
toughness = 10
density = 2
repop_time = 10
max_battle_size = 4
pop_type = attack_patrol
relief_time = 30
mission_eligible = true
encounter = bmod_patrol_fc_x_grp_smuggler_convoys_1, 2, 1
faction = fc_x_grp, 1