[Settings]
system = Li03		; used for nicknames

[Path]
name = fc_x_grp_scout_sorties_0, 0
pos = -70460.0642587663, 0, 2450.70551555423 ;Ouray
pos = -66586, 0, -47481
pos = -46647.8403818084, 0, -47397.7033687067
pos = -31034.2716548216, 0, -52967.4559555225
pos = -12517, 0, -61475
pos = 10364.3641203309, 0, -70136.2333643072
pos = 16835.008872378, 0, -70136.2333643072
pos = 20976.2215136828, 0, -56418.4664899365
pos = 42717.5878805516, 0, -56418.4664899365
pos = 74282.3024971924, 0, -14820.6818701795
pos = 35277.3337209376, 0, 22718.7822988869
pos = 16113.0427037035, 0, 52254.3366901686
pos = 13520.2268601917, 0, 64091.1046713573
pos = -29549.4150553385, 0, 71022.4199880231
pos = -50380.1833045417, 0, 48162.3985810172
pos = -48150.1971983037, 0, 42938.7736332646
pos = -54572.429347491, 0, 20016.345039258
pos = -70460.0642587663, 0, 2450.70551555423 ;Ouray
usage = patrol
sort = 99
toughness = 10
density = 2
repop_time = 10
max_battle_size = 4
pop_type = attack_patrol
relief_time = 30
mission_eligible = true
encounter = bmod_patrol_fc_x_grp_scouts_1, 2, 1
faction = fc_x_grp, 1