[Settings]
system = Li03		; used for nicknames

[Path]
name = fx_x_grp_xenos_ace_north_0, 0
pos = -70460.0642587663, 0, 2450.70551555423
pos = -71009, 0, -8447
pos = -66586, 0, -47481
pos = -48437.0145464432, 0, -51168.7542107915
pos = -35877.9932477951, 0, -59806.9988457314
pos = -12517, 0, -61475
pos = 15971, 0, -77990
pos = -12517, 0, -61475
usage = patrol
sort = 99
toughness = 10
density = 2
repop_time = 10
max_battle_size = 4
pop_type = attack_patrol
relief_time = 30
mission_eligible = true
encounter = bmod_patrol_fc_x_grp_ace_1, 2, 1
faction = fc_x_grp, 1