[Settings]
system = Li03		; used for nicknames

[Path]
name = li_n_grp_area_superiority_0, 0
pos = 29863.2165159246, 466.707013124716, -23230.1815368368 ;Battleship
pos = 31385, 0, -27804
pos = 13769, 0, -85160
pos = 13410, 100, -89236.4310529252 ;IW03 Dead Gate
pos = 13769, 0, -85160
pos = 31385, 0, -27804
pos = 30965, 0, -22449
pos = 8105, 0, 80033
pos = 4997, 0, 81909
pos = -34420, 0, 27113
pos = -36818, 100, 26362 ;Pueblo
pos = -22416.6361174641, -3.7806682115696E-14, 12892.58313618 ;Tamms
pos = -37959, -3.20299342604358E-12, 9721.00000000002
pos = -42247, 0, -19971
pos = -20834, 0, -22939
pos = 16642, 0, -24272
pos = 29863.2165159246, 466.707013124716, -23230.1815368368 ;Battleship
usage = patrol
sort = 99
toughness = 10
density = 2
repop_time = 10
max_battle_size = 4
pop_type = attack_patrol
relief_time = 30
mission_eligible = true
encounter = bmod_patrol_li_n_grp_area_superiority_1, 2, 1
faction = li_n_grp, 1