[Settings]
system = Li03		; used for nicknames

[Path]
name = li_n_grp_ace_0, 0
pos = 29863.2165159246, 466.707013124716, -23230.1815368368 ; Battleship
pos = 31385, 0, -27804
pos = 13769, 0, -85160
pos = 16163.5211731622, 0, -85892.0785900381
pos = 22702.7209762302, 0, -64503.3197913819
pos = 45702.0545644312, 0, -63233.7417107209
pos = 71194.7114846034, 0, -51896.7398711329
pos = 39890.2444730167, 0, -17830.079966906
pos = 27699, 0, -7809
pos = 8105, 0, 80033
pos = 2074.50029443856, 0, 84032.3203241738
pos = -22294, 20, 77039
pos = -29549.4150553385, 0, 71022.4199880231 ;NY Jump Hole
pos = -14140, 40, 44247
pos = -36818, 100, 26362 ;Pueblo
pos = -37959, -3.20299342604358E-12, 9721.00000000002
pos = -42247, 0, -19971
pos = -43333, -7.01660951563099E-12, -24118.0000000001
pos = -64506, 0, -45371
pos = -20834, 0, -22939
pos = 16642, 0, -24272
pos = 29863.2165159246, 466.707013124716, -23230.1815368368 ; Battleship
usage = patrol
sort = 99
toughness = 10
density = 2
density_restriction = 2, class_patroller
repop_time = 10
max_battle_size = 4
pop_type = lane_patrol
relief_time = 30
mission_eligible = true
encounter = bmod_patrol_li_n_grp_ace_1, 10, 0.5
faction = li_n_grp, 1