[Settings]
system = Li03		; used for nicknames

[Path]
name = li_n_grp_frigate_0, 0
pos = 31031.0084468307, 350, -24888.902703155 ;Denver Mooring Fixture
pos = 31385, 230, -27804
pos = 13769, 230, -85160
pos = 31385, 230, -27804
pos = 16621.5364349814, 0, -24857.9998309454
pos = -20859.4184188455, 29.4088417410109, -23666.888280111
pos = -42247, 230, -19971
pos = -36818, 230, 26362 ;Pueblo
pos = -22416.6361174641, 100, 12892.58313618 ;Tamms
pos = -291.920993148024, 0, 18165.8996425457
pos = 20316.2702353383, 0, 21275.3626899047
pos = 30203.4342464918, 0, -22624.8213079356
pos = 31031.0084468307, 350, -24888.902703155 ;Denver Mooring Fixture
usage = patrol
sort = 99
toughness = 15
density = 1
repop_time = 90
max_battle_size = 8
pop_type = attack_patrol
relief_time = 30
mission_eligible = true
encounter = bmod_patrol_li_n_grp_frigate_1, 3, 1
faction = li_n_grp, 1