[Settings]
system = Li03		; used for nicknames

[Path]
name = li_n_grp_scout_and_probing sorties_large, 0
pos = 29863.2165159246, 466.707013124716, -23230.1815368368 ;Battleship
pos = -66586, 0, -47481
pos = -70939.2741866153, 0, -27270.0049863115
pos = -42753.2642250248, 0, -26028.0926699949
pos = -41538.3500025397, 0, -14823.8837293279
pos = -51343.6088143358, 0, -8322.57082150389
pos = -49585.0569622149, 0, 5266.23894484966
pos = -51610.0560646512, 0, 12033.9991030003
pos = -22416.6361174641, -3.7806682115696E-14, 12892.58313618
pos = -36818, 0, 26362
pos = -49265, 0, 45551
pos = -52233, 0, 61510
pos = -52233, 0, 68548.4450045002
pos = -40338.5735583293, 0, 78042.1615221616
pos = -26787.0461792763, 0, 81752.6987807191
pos = -10600.4995876363, 0, 81752.6987807191
pos = 6728, 0, 86000
pos = 16233, 0, 43375
pos = 29863.2165159246, 466.707013124716, -23230.1815368368 ;Battleship
usage = patrol
sort = 99
toughness = 10
density = 2
repop_time = 10
max_battle_size = 4
pop_type = attack_patrol
relief_time = 30
mission_eligible = true
encounter = bmod_patrol_li_n_grp_scouts_1, 2, 1
faction = li_n_grp, 1