[Settings]
system = Li03		; used for nicknames

[Path]
name = li_n_grp_frigate_0, 0
pos = 31830, 350, -24819 ;Denver Mooring Fixture
pos = 31385, 230, -27804
pos = 13769, 230, -85160
pos = 31385, 230, -27804
pos = 16642, 230, -24272
pos = -20834, 230, -22939
pos = -42247, 230, -19971
pos = -36818, 230, 26362 ;Pueblo
pos = -22416.6361174641, 100, 12892.58313618 ;Tamms
pos = -291.920993148024, 0, 18165.8996425457
pos = 21168, 230, 21472
pos = 30965, 230, -22449
pos = 31830, 350, -24819 ;Denver Mooring Fixture
usage = patrol
sort = 99
toughness = 10
density = 1
repop_time = 90
max_battle_size = 1
pop_type = attack_patrol
relief_time = 30
mission_eligible = true
encounter = bmod_ln_frigate, 1, 1
faction = li_n_grp, 1